encog,BasicNetwork,java,3.2.0,1,1430901705756
[BASIC]
[BASIC:PARAMS]
[BASIC:NETWORK]
beginTraining=0
connectionLimit=0
contextTargetOffset=0,0,0
contextTargetSize=0,0,0
endTraining=2
hasContext=f
inputCount=13
layerCounts=2,2,14
layerFeedCounts=2,1,13
layerContextCount=0,0,0
layerIndex=0,2,4
output=0,0,0,1,0,0,0,0,0,0,0,0,0,0,0,0,0,1
outputCount=2
weightIndex=0,4,18
weights=0.4020586625,-0.3713056703,1.3260030467,-1.2245742151,1.1601472523,0.5410545548,0.8808668789,0.6190500793,0.2792601411,0.4751552069,0.956676804,0.3962064225,0.018689056,0.0000109758,-0.1198297885,1.2115321066,1.0019337912,0.4487065359
biasActivation=0,1,1
[BASIC:ACTIVATION]
"org.encog.engine.network.activation.ActivationSigmoid"
"org.encog.engine.network.activation.ActivationSigmoid"
"org.encog.engine.network.activation.ActivationLinear"
