encog,BasicNetwork,java,3.2.0,1,1434017235153
[BASIC]
[BASIC:PARAMS]
[BASIC:NETWORK]
beginTraining=0
connectionLimit=0
contextTargetOffset=0,0,0
contextTargetSize=0,0,0
endTraining=2
hasContext=f
inputCount=9
layerCounts=8,2,10
layerFeedCounts=8,1,9
layerContextCount=0,0,0
layerIndex=0,8,10
output=0,0,0,0,0,0,0,0,0,1,0,0,0,0,0,0,0,0,0,1
outputCount=8
weightIndex=0,16,26
weights=6.839797215,-6.1467043315,1.5745129591,-1.4149642458,7.6695449337,-6.8923703246,5.3643332047,-4.8207521326,5.860469424,-5.2666138447,7.7915098765,-7.0019750442,3.3356132288,-2.9976059608,9.8300252026,-8.8339245725,0.9903344448,1.0028968127,0.478360049,-0.0125624846,0.5119736211,1.358740901,1.0572955512,1.2532427515,0.0000047035,1.1921647534
biasActivation=0,1,1
[BASIC:ACTIVATION]
"org.encog.engine.network.activation.ActivationSigmoid"
"org.encog.engine.network.activation.ActivationSigmoid"
"org.encog.engine.network.activation.ActivationLinear"
