encog,BasicNetwork,java,3.2.0,1,1431125349214
[BASIC]
[BASIC:PARAMS]
[BASIC:NETWORK]
beginTraining=0
connectionLimit=0
contextTargetOffset=0,0,0
contextTargetSize=0,0,0
endTraining=2
hasContext=f
inputCount=9
layerCounts=4,2,10
layerFeedCounts=4,1,9
layerContextCount=0,0,0
layerIndex=0,4,6
output=0,0,0,0,0,1,0,0,0,0,0,0,0,0,0,1
outputCount=4
weightIndex=0,8,18
weights=2.5432203918,-1.4098779608,0.8146128137,-0.4515943585,1.0067644426,-0.5581178456,4.602808717,-2.5516462182,0.1659215691,0.0099197396,-0.2392776154,0.1560026243,0.4051988706,1.3027892604,0.0785894835,1.0093388475,-0.0000017757,0.0524124415
biasActivation=0,1,1
[BASIC:ACTIVATION]
"org.encog.engine.network.activation.ActivationSigmoid"
"org.encog.engine.network.activation.ActivationSigmoid"
"org.encog.engine.network.activation.ActivationLinear"
